Emoji:0.0
Exclam:0.059169165637678586
cause:1.2049391427059502
WPS:15.338588816369729
cogproc:6.499024519315555
i:0.5795219615452469
attention:0.15849179749514905
reward:0.25940553889574886
conflict:0.5495043217498686
affiliation:1.6943764332333806
pronoun:5.598553536778975
female:0.35159110954312933
Comma:2.804111836302707
space:6.260758511201247
Authentic:32.1235473628511
Lifestyle:7.9044258246603905
death:0.22834185923443281
verb:14.06826424413463
emo_neg:0.15758863997177633
swear:0.015687070029987652
want:0.21178161933321588
need:0.24053977773857818
allure:4.233914270594457
focusfuture:1.2824307638031431
allnone:1.1093737872640705
lack:0.24072852354912688
conj:3.3030481566413807
focuspast:4.236607867348741
filler:0.0
function:41.286516140412466
power:4.102974069500786
quantity:5.822848826953631
risk:0.630839654260012
Period:9.017391074263417
illness:0.18391427059446108
OtherP:3.989864173575588
Affect:3.6988763450344004
Culture:5.5142564826247975
tone_neg:1.7584141823954866
QMark:0.045974598694655144
BigWords:26.030742635385383
tentat:1.0438101958017318
home:0.3013335685306051
curiosity:0.27610513318045515
Drives:6.964977950255769
substances:0.07141294760980772
negate:1.2988763450344003
differ:2.284678073734352
Cognition:7.717451049567783
socbehav:5.422166166872448
prosocial:1.0027518080790292
ethnicity:0.5681460575057335
feeling:0.08109013935438349
auxverb:6.628124889751235
you:0.3973981301816899
Analytic:80.029551949198
family:0.3495078497089434
Conversation:0.059019227376962406
Dic:80.4352125595342
certitude:0.32663609102134433
ppron:3.481393543834896
netspeak:0.035316634327041796
det:13.211199506085624
comm:2.583647909684251
health:1.3161033692009207
leisure:0.31046745457752684
memory:0.029163873699065083
insight:1.0460751455283164
emo_sad:0.013318045510672076
WC:17.32280825542424
discrep:0.9688251896278054
Social:11.496006350326278
Segment:1.0
work:3.9889433762568336
shehe:0.8293261598165482
moral:0.2983647909684246
acquire:0.6684000705591825
fulfill:0.08801199506085727
food:0.2198236020462162
ipron:2.117248191920981
they:0.5802522490739117
polite:0.06567648615276063
socrefs:5.71663609102134
adj:5.340756747221715
Apostro:0.3792379608396541
male:0.8612594813900185
adverb:2.6203175163168195
Linguistic:55.30059093314533
number:4.14451225965779
emo_pos:0.10427765037925561
we:0.8804162991709323
emo_anx:0.025214323513847243
motion:1.2833374492855945
focuspresent:5.700892573646137
Clout:53.31545069677122
wellness:0.08922384900335154
Perception:7.996833656729563
tone_pos:1.9185747045334356
achieve:1.2413882518962818
politic:4.873030516846001
AllPunc:16.295773505027192
relig:0.27836655494796253
Tone:31.999001587582555
auditory:0.04657435173751984
mental:0.030635032633621447
Physical:2.1391479978832297
time:3.2653272182042725
assent:0.026390897865584753
nonflu:0.0018627623919562535
tech:0.24124889751278886
sexual:0.3402187334626919
friend:0.029465514200035268
article:7.28759216793083
visual:0.43359851825718865
emotion:0.27606808961016055
prep:14.130800846710052
money:3.5260716175692393
fatigue:0.00552831187158229
emo_anger:0.05393543834891514
